java ShuffleDP ab bb bbab 1
1  1  1
0  0  1
0  0  1
yes
Number of table references: 6

java ShuffleRM ab bb bbab 1
 1   1   1
-1  -1   1
-1  -1   1
yes
Number of table references: 5

----------------------------------

java ShuffleDP bb ab bbab 1
1  0  0
1  0  0
1  1  1
yes
Number of table references: 7

java ShuffleRM bb ab bbab 1
1 -1 -1
1 -1  0
1  1  1
yes
Number of table references: 6

----------------------------------

java ShuffleDP aaaa bbbb aaaabbbb 1
1  0  0  0  0  
1  0  0  0  0  
1  0  0  0  0  
1  0  0  0  0  
1  1  1  1  1  
yes
Number of table references: 20

java ShuffleRM aaaa bbbb aaaabbbb 1
1 -1 -1 -1 -1
1 -1 -1 -1 -1
1 -1 -1 -1 -1
1 -1 -1 -1 -1
1  1  1  1  1
yes
Number of table references: 9

----------------------------------

java ShuffleDP aaaa bbbb bbbbaaaa 1
1  1  1  1  1  
0  0  0  0  1  
0  0  0  0  1  
0  0  0  0  1  
0  0  0  0  1  
yes
Number of table references: 20

java ShuffleRM aaaa bbbb bbbbaaaa 1
 1  1  1  1  1 
-1 -1 -1 -1  1 
-1 -1 -1 -1  1 
-1 -1 -1 -1  1 
-1 -1 -1 -1  1
yes
Number of table references: 9

----------------------------------

java ShuffleDP aaaa bbbb abababab 1
1  0  0  0  0  
1  1  0  0  0  
0  1  1  0  0  
0  0  1  1  0  
0  0  0  1  1  
yes
Number of table references: 20

java ShuffleRM aaaa bbbb abababab 1
 1 -1 -1 -1 -1 
 1  1 -1 -1 -1 
-1  1  1 -1 -1 
-1 -1  1  1 -1 
-1 -1 -1  1  1
yes
Number of table references: 9

----------------------------------

[jhyeh@onyx sol]$ java ShuffleDP aaaa aaaa baaaaaaa 1
1  0  0  0  0
0  0  0  0  0
0  0  0  0  0
0  0  0  0  0
0  0  0  0  0
no
Number of table references: 38

[jhyeh@onyx sol]$ java ShuffleRM aaaa aaaa baaaaaaa 1
-1  0  0  0  0 
 0  0  0  0  0 
 0  0  0  0  0 
 0  0  0  0  0 
 0  0  0  0  0 

no
Number of table references: 39

***************************************************************
***************************************************************

[jhyeh@onyx sol]$ java KnapsackDP 17 50 w.txt v.txt 1
KnapsackDP-VTable:
0   0   0   100 100 100 100 100 100 100 100 100 100 100 100 100 100 100 100 100 100 100 100 100 100 100 100 100 100 100 100 100 100 100 100 100 100 100 100 100 100 100 100 100 100 100 100 100 100 100 
0   0   80  100 100 100 180 180 180 180 180 180 180 180 180 180 180 180 180 180 180 180 180 180 180 180 180 180 180 180 180 180 180 180 180 180 180 180 180 180 180 180 180 180 180 180 180 180 180 180 
0   60  80  100 140 160 180 180 240 240 240 240 240 240 240 240 240 240 240 240 240 240 240 240 240 240 240 240 240 240 240 240 240 240 240 240 240 240 240 240 240 240 240 240 240 240 240 240 240 240 
0   60  80  100 140 160 180 205 240 245 285 305 325 325 385 385 385 385 385 385 385 385 385 385 385 385 385 385 385 385 385 385 385 385 385 385 385 385 385 385 385 385 385 385 385 385 385 385 385 385 
0   60  80  100 140 160 180 205 240 245 285 305 325 325 385 385 385 385 385 385 400 400 460 460 460 460 460 460 460 460 460 460 460 460 460 460 460 460 460 460 460 460 460 460 460 460 460 460 460 460 
0   60  80  100 140 160 180 205 240 245 285 305 325 325 385 385 385 385 385 385 400 400 460 460 460 460 460 460 460 460 460 460 476 476 476 476 476 476 476 476 476 476 476 476 476 476 476 476 476 476 
0   60  80  100 140 160 180 205 240 245 285 305 325 325 385 385 385 385 385 385 400 400 460 460 460 460 460 460 460 460 460 460 476 476 476 476 476 476 476 476 476 476 476 476 476 476 476 476 492 492 
0   60  80  100 140 160 180 205 240 245 285 305 325 325 385 385 387 407 407 467 467 467 467 467 467 482 482 542 542 542 542 542 542 542 542 542 542 558 558 558 558 558 558 558 558 558 558 558 558 558 
0   60  80  100 140 160 180 205 240 245 285 305 325 325 385 385 387 407 407 467 467 467 467 467 467 482 482 542 542 542 542 542 542 542 542 542 542 558 558 558 558 558 558 558 558 558 558 558 568 568 
0   60  80  100 140 160 180 205 240 245 285 305 325 333 385 385 398 418 418 478 478 480 500 500 560 560 560 560 560 560 575 575 635 635 635 635 635 635 635 635 635 635 651 651 651 651 651 651 651 651 
0   60  80  100 140 160 180 205 240 245 285 305 325 333 385 385 398 418 418 478 478 480 500 500 560 560 560 560 560 560 617 617 635 635 635 635 635 635 692 692 692 692 692 692 692 692 692 692 708 708 
0   60  157 157 217 237 257 297 317 337 362 397 402 442 462 482 490 542 542 555 575 575 635 635 637 657 657 717 717 717 717 717 717 774 774 792 792 792 792 792 792 849 849 849 849 849 849 849 849 849 
0   60  157 157 217 237 257 297 317 337 362 397 402 442 462 482 490 542 542 555 575 575 635 635 637 657 657 717 717 717 717 717 717 774 774 792 792 792 792 792 792 849 849 849 849 849 849 849 849 849 
0   60  157 157 217 237 257 297 317 337 362 397 402 442 462 482 490 542 542 555 575 575 635 635 637 657 657 717 717 717 717 725 725 785 785 792 792 792 792 842 842 860 860 860 860 860 860 917 917 917 
0   60  157 157 217 237 257 297 317 337 362 397 402 442 462 482 490 542 542 557 575 575 635 635 650 657 657 717 717 732 732 732 732 785 785 800 800 807 807 842 842 860 860 875 875 875 875 917 917 932 
0   60  157 157 217 237 257 297 317 337 362 397 402 442 462 482 490 542 542 557 575 575 635 635 650 657 657 717 717 732 732 732 732 785 785 800 800 807 807 842 842 860 860 875 875 875 875 917 917 932 
0   60  157 157 217 237 257 297 317 337 362 397 402 442 462 482 490 542 542 557 575 575 635 635 650 657 657 717 717 732 732 732 732 785 785 800 800 807 807 842 843 860 860 875 875 875 900 917 918 932 

KnapsackDP-DTable:
0   0   0   1   1   1   1   1   1   1   1   1   1   1   1   1   1   1   1   1   1   1   1   1   1   1   1   1   1   1   1   1   1   1   1   1   1   1   1   1   1   1   1   1   1   1   1   1   1   1   
0   0   1   0   0   0   1   1   1   1   1   1   1   1   1   1   1   1   1   1   1   1   1   1   1   1   1   1   1   1   1   1   1   1   1   1   1   1   1   1   1   1   1   1   1   1   1   1   1   1   
0   1   0   0   1   1   0   0   1   1   1   1   1   1   1   1   1   1   1   1   1   1   1   1   1   1   1   1   1   1   1   1   1   1   1   1   1   1   1   1   1   1   1   1   1   1   1   1   1   1   
0   0   0   0   0   0   0   1   0   1   1   1   1   1   1   1   1   1   1   1   1   1   1   1   1   1   1   1   1   1   1   1   1   1   1   1   1   1   1   1   1   1   1   1   1   1   1   1   1   1   
0   0   0   0   0   0   0   0   0   0   0   0   0   0   0   0   0   0   0   0   1   1   1   1   1   1   1   1   1   1   1   1   1   1   1   1   1   1   1   1   1   1   1   1   1   1   1   1   1   1   
0   0   0   0   0   0   0   0   0   0   0   0   0   0   0   0   0   0   0   0   0   0   0   0   0   0   0   0   0   0   0   0   1   1   1   1   1   1   1   1   1   1   1   1   1   1   1   1   1   1   
0   0   0   0   0   0   0   0   0   0   0   0   0   0   0   0   0   0   0   0   0   0   0   0   0   0   0   0   0   0   0   0   0   0   0   0   0   0   0   0   0   0   0   0   0   0   0   0   1   1   
0   0   0   0   0   0   0   0   0   0   0   0   0   0   0   0   1   1   1   1   1   1   1   1   1   1   1   1   1   1   1   1   1   1   1   1   1   1   1   1   1   1   1   1   1   1   1   1   1   1   
0   0   0   0   0   0   0   0   0   0   0   0   0   0   0   0   0   0   0   0   0   0   0   0   0   0   0   0   0   0   0   0   0   0   0   0   0   0   0   0   0   0   0   0   0   0   0   0   1   1   
0   0   0   0   0   0   0   0   0   0   0   0   0   1   0   0   1   1   1   1   1   1   1   1   1   1   1   1   1   1   1   1   1   1   1   1   1   1   1   1   1   1   1   1   1   1   1   1   1   1   
0   0   0   0   0   0   0   0   0   0   0   0   0   0   0   0   0   0   0   0   0   0   0   0   0   0   0   0   0   0   1   1   0   0   0   0   0   0   1   1   1   1   1   1   1   1   1   1   1   1   
0   0   1   1   1   1   1   1   1   1   1   1   1   1   1   1   1   1   1   1   1   1   1   1   1   1   1   1   1   1   1   1   1   1   1   1   1   1   1   1   1   1   1   1   1   1   1   1   1   1   
0   0   0   0   0   0   0   0   0   0   0   0   0   0   0   0   0   0   0   0   0   0   0   0   0   0   0   0   0   0   0   0   0   0   0   0   0   0   0   0   0   0   0   0   0   0   0   0   0   0   
0   0   0   0   0   0   0   0   0   0   0   0   0   0   0   0   0   0   0   0   0   0   0   0   0   0   0   0   0   0   0   1   1   1   1   0   0   0   0   1   1   1   1   1   1   1   1   1   1   1   
0   0   0   0   0   0   0   0   0   0   0   0   0   0   0   0   0   0   0   1   0   0   0   0   1   0   0   0   0   1   1   1   1   0   0   1   1   1   1   0   0   0   0   1   1   1   1   0   0   1   
0   0   0   0   0   0   0   0   0   0   0   0   0   0   0   0   0   0   0   0   0   0   0   0   0   0   0   0   0   0   0   0   0   0   0   0   0   0   0   0   0   0   0   0   0   0   0   0   0   0   
0   0   0   0   0   0   0   0   0   0   0   0   0   0   0   0   0   0   0   0   0   0   0   0   0   0   0   0   0   0   0   0   0   0   0   0   0   0   0   0   1   0   0   0   0   0   1   0   1   0

Optimal solution:
{1,2,3,4,5,8,10,11,12,14,15}
Total Weight: 50
Optimal Value: 932
Number of table references: 1572

[jhyeh@onyx sol]$ java KnapsackRM 17 50 w.txt v.txt
Optimal solution:
{1,2,3,4,5,8,10,11,12,14,15}
Total Weight: 50
Optimall Value: 932
Number of table references: 1066

-----------------------------------------
